0.01 0.01 Infinity Infinity 8763.21
0.01 0.10 Infinity 2020.00 8755.26
0.01 0.25 Infinity 2020.00 8725.63
0.01 0.50 Infinity 2020.00 8676.24
0.01 0.75 Infinity 2020.00 8626.86
0.01 0.90 Infinity 2020.00 8597.23
0.01 0.99 Infinity 2020.00 8579.23
0.10 0.01 Infinity Infinity 8763.21
0.10 0.10 Infinity 2020.00 8755.26
0.10 0.25 Infinity 2020.00 8725.63
0.10 0.50 Infinity 2020.00 8676.24
0.10 0.75 Infinity 2020.00 8626.86
0.10 0.90 Infinity 2020.00 8597.23
0.10 0.99 2030.00 2020.00 8578.77
0.25 0.01 Infinity Infinity 8763.21
0.25 0.10 Infinity 2020.00 8755.26
0.25 0.25 Infinity 2020.00 8725.63
0.25 0.50 Infinity 2020.00 8676.24
0.25 0.75 2030.00 2020.00 8626.46
0.25 0.90 2030.00 2020.00 8594.08
0.25 0.99 2030.00 2020.00 8574.49
0.50 0.01 2030.00 Infinity 8746.73
0.50 0.10 2030.00 2020.00 8738.43
0.50 0.25 2030.00 2020.00 8709.99
0.50 0.50 2030.00 2020.00 8662.60
0.50 0.75 2030.00 2020.00 8615.21
0.50 0.90 2030.00 2020.00 8585.67
0.50 0.99 2030.00 2020.00 8565.58
0.75 0.01 2030.00 Infinity 8728.73
0.75 0.10 2030.00 2020.00 8720.34
0.75 0.25 2030.00 2020.00 8692.54
0.75 0.50 2030.00 2020.00 8646.03
0.75 0.75 2030.00 2020.00 8599.45
0.75 0.90 2020.00 2020.00 8570.73
0.75 0.99 2020.00 2020.00 8553.39
0.90 0.01 2030.00 Infinity 8717.80
0.90 0.10 2030.00 2020.00 8709.39
0.90 0.25 2030.00 2020.00 8681.86
0.90 0.50 2030.00 2020.00 8635.69
0.90 0.75 2020.00 2020.00 8588.49
0.90 0.90 2020.00 2020.00 8559.76
0.90 0.99 2020.00 2020.00 8542.51
0.99 0.01 2030.00 Infinity 8711.12
0.99 0.10 2030.00 2020.00 8702.68
0.99 0.25 2030.00 2020.00 8675.29
0.99 0.50 2030.00 2020.00 8628.74
0.99 0.75 2030.00 2020.00 8581.49
0.99 0.90 2030.00 2020.00 8553.14
0.99 0.99 2020.00 2020.00 8535.99
